# id	left	top	right	bottom	texture_id
[SPRITES]

#BRICK
20001	372	153	387	168	20

#QUESTION MARK BLOCK
#DEFAULT ANIMATION SPRITES
100000	156	187	173	204	30
100001	175	187	192	204	30
100002	195	187	212	204	30
100003	214	187	231	204	30
#EMPTY
100004	234	187	251	204	30
#EMPTY COLLIDING
100005	234	187	251	205	30
100006	234	187	251	208	30
100007	234	187	251	211	30
100008	234	187	251	213	30


# ani_id	sprite1_id	time1	sprite2_id	time2	...
[ANIMATIONS]

#BRICK
10000	20001	1000

#QUESTION MARK BLOCK
# HAS SOMETHING
100000	100000	100	100001	100	100002	100	100003	100
# OR NOT
100001	100004	100
# COLLIDING
100002	100005	25	100006	25	100007	25	100008	25	100007	25	100006	25	100005	25