# id	left	top	right	bottom	texture_id
[SPRITES]
#WALK
31001	14	3	31	20	15
31002	64	3	81	20	15

#DIE
32001	314	7	331	16	15

#FLY DEAD
32002	406	3	423	20	15

#PARAGOOMBA
32003	262	46	283	71	15
32004	212	46	233	71	15

32005	162	49	183	74	15
32006	112	49	133	74	15

32007	64	53	81	70	15
32008	14	53	31	70	15

#DIE
32009	314	56	331	65	15

#FLY DEAD
32010	406	51	423	68	15

# ani_id	sprite1_id	time1	sprite2_id	time2	...
[ANIMATIONS]
# WALK
5000	31001	100	31002	100
# DIE
5001	32001	100
# FLY DEAD
5002	32002	100

#PARAGOOMBA
#WALK
5003	32003	100	32004	100	32003	100	32004	100
#JUMP
5004	32004	100	32005	100	32004	100	32005	100
#NORMAL
5005	32007	100	32008	100
5006	32009	100
#FLY DEAD
5007	32010	100