# id	left	top	right	bottom	texture_id
[SPRITES]
#GREEN KOOPA
#walk left
34000	214	97	231	124	15
34001	254	97	271	124	15
#walk right
34002	164	97	181	124	15
34003	124	97	141	124	15
#shell
34004	49	102	66	119	15
34005	14	102	31	119	15
34006	83	102	102	119	15
34010	49	102	68	119	15
34011	83	102	102	119	15
#shell flipped
34007	329	102	346	119	15
34008	364	102	381	119	15
34009	294	102	311	119	15
34012	327	102	346	119	15
34013	292	102	311	119	15


#RED KOOPA
#walk left
35000	214	198	231	225	15
35001	254	198	271	225	15
#walk right
35002	164	198	181	225	15
35003	124	198	141	225	15
#shell
35004	49	203	66	220	15
35005	14	203	31	220	15
35006	83	203	100	220	15
35010	49	203	68	220	15
35011	83	203	102	220	15
#shell flipped
35007	329	203	346	220	15
35008	364	203	381	220	15
35009	294	203	311	220	15
35012	327	203	346	220	15
35013	292	203	311	220	15

#GREEN KOOPA WITH WINGS
#RIGHT
35014	214	148	231	175
35015	254	148	271	175
35016	294	148	311	175
35017	334	148	351	175

35018	164	148	181	175
35019	124	148	141	175
35020	84	148	101	175
35021	44	148	61	175


# ani_id	sprite1_id	time1	sprite2_id	time2	...
[ANIMATIONS]
#KOOPA
#GREEN KOOPA
#walk right
5100	34000	100	34001	100
#walk left
5101	34002	100	34003	100
#shell
5102	34004	100
#shell running
5103	34004	50	34005	50
#shell flipped
5104	34007	100
#shell flipped running
5105	34007	50	34008	50
#end in shell
5106	34004	50	34010	50	34004	50	34010	50	34004	50	34010	50	34004	50	34006	50	34010	50	34011	50	34006	50	34010	50	34011	50	34006	50	34011	50	34010	50	34011	50	34004	50	34006	50	34004	50
#end in shell flipped
5107	34007	50	34012	50	34007	50	34012	50	34007	50	34012	50	34007	50	34009	50	34012	50	34013	50	34009	50	34012	50	34013	50	34009	50	34013	50	34012	50	34013	50	34007	50	34009	50	34007	50

#RED KOOPA
#walk right
5200	35000	100	35001	100
#walk left
5201	35002	100	35003	100
#shell
5202	35004	100
#shell running
5203	35004	50	35005	50
#shell flipped
5204	35007	100
#shell flipped running
5205	35007	50	35008	50
#end in shell
5206	35004	50	35010	50	35004	50	35010	50	35004	50	35010	50	35004	50	35006	50	35010	50	35011	50	35006	50	35010	50	35011	50	35006	50	35011	50	35010	50	35011	50	35004	50	35006	50	35004	50
#end in shell flipped
5207	35007	50	35012	50	35007	50	35012	50	35007	50	35012	50	35007	50	35009	50	35012	50	35013	50	35009	50	35012	50	35013	50	35009	50	35013	50	35012	50	35013	50	35007	50	35009	50	35007	50



