# id	left	top	right	bottom	texture_id
[SPRITES]
#####  BIG ###############
#IDLE
11121	215	242	230	269	50
11111	175	242	190	269	50

#WALKING RIGHT
11222	255	242	270	269	50
11223	295	242	310	269	50

#WALKING LEFT
11212	135	242	150	269	50
11213	95	242	110	269	50

#RUNNING RIGHT
11321	213	322	232	349	50
11322	253	322	272	349	50
11323	293	322	312	349	50

#RUNNING LEFT
11311	173	322	192	349	50
11312	133	322	152	349	50
11313	93	322	112	349	50

#JUMP WALK RIGHT
11417	335	242	350	269	50
11413	55	242	70	269	50

#JUMP RUN RIGHT & LEFT
11427	332	362	351	389	50
11423	54	362	73	389	50

#SIT RIGHT & LEFT 
11521	376	248	391	265	50
11511	14	248	29	265	50

#BRACE RIGHT & LEFT 
11621	215	283	230	310	50
11611	175	283	190	310	50

#PICKING RIGHT & LEFT
11712	330	322	345	349	50
11711	60	322	75	349	50

#RUNNING & PICKING RIGHT & LEFT
11722	356	322	371	349	50
11721	34	322	49	349	50

#JUMP RUN PICKING
11732	253	362	272	389	50
11731	133	361	152	389	50

#DIE
13001	15	209	30	224	50

############ SMALL ################
 #IDLE
12121	215	89	230	104	50
12111	175	88	190	103	50

#WALK RIGHT
12222	255	89	270	104	50
12223	255	129	270	144	50

#WALK LEFT
12212	135	89	150	104	50
12213	135	129	150	144	50

#RUN RIGHT
12321	255	129	270	144	50
12322	215	169	230	184	50
12323	255	169	270	184	50

#RUN LEFT
12311	135	129	150	144	50
12312	175	169	190	184	50
12313	135	169	150	184	50

#BRACE RIGHT & LEFT
12511	215	129	230	144	50
12521	175	129	190	144	50

#JUMP WALK RIGHT & LEFT 
12413	55	89	70	104	50
12417	335	89	350	104	50

#JUMP RUN RIGHT & LEFT 
12423	175	209	190	224	50
12427	215	209	230	224	50

#PICKING RIGHT & LEFT
12612	335	168	350	184	50
12611	55	168	70	184	50

#RUNNING & PICKING RIGHT & LEFT
12622	376	168	391	184	50
12621	14	168	29	184	50

#JUMP RUN PICKING
12632	255	209	270	224	50
12631	135	209	150	224	50

########### HAS_TAIL ############
#IDLE RIGHT
14121	209	443	232	470	50


# ani_id	sprite1_id	time1	sprite2_id	time2	...
[ANIMATIONS]
400	11121	100
401	11111	100

#WALKING RIGHT & LEFT 
500	11121	100	11222	100	11223	100
501	11111	100	11212	100	11213	100

#RUNNING RIGHT & LEFT
600	11321	50	11322	50	11323	50
601	11311	50	11312	50	11313	50

#JUMP WALK
700	11417	100
701	11413	100

#JUMP RUN
800	11427	100
801	11423	100

#SIT RIGHT & LEFT 
900	11521	100
901	11511	100

#BRACE RIGHT & LEFT 
1000	11621	100
1001	11611	100

#PICKING
1051	11712	100
1052	11711	100

#PICKING N WALKING
1061	11712	100	11722	100
1062	11711	100	11721	100

#PICKING N RUNNING
1071	11712	50	11722	50
1072	11711	50	11721	50

#PICKING N JUMP
1081	11722	100
1082	11721	100

#PICKING N RUN JUNP
1091	11732	100
1092	11731	100


#DIE
999	13001	100

################### SMALL #################
1100	12121	100
1102	12111	100


#WALK LEFT & RIGHT 
1200	12121	100	12222	100	12223	100
1201	12111	100	12212	100	12213	100

#RUN LEFT & RIGHT
1300	12321	100	12322	100	12323	100
1301	12311	100	12312	100	12313	100

#BRACE LEFT & RIGHT
1401	12511	100
1400	12521	100

#JUMP WALK
1500	12417	100
1501	12413	100

#JUMP RUN 
1601	12423	100
1600	12427	100

#PICKING
1651	12612	100
1652	12611	100

#PICKING N WALKING
1661	12612	100	12622	100
1662	12611	100	12621	100

#PICKING N RUNNING
1671	12612	50	12622	50
1672	12611	50	12621	50

#PICKING N JUMP
1681	12622	100
1682	12621	100

#PICKING N RUN JUNP
1691	12632	100
1692	12631	100