# id	left	top	right	bottom	texture_id
[SPRITES]
#MUSHROOM
120000	155	104	172	121	30
120001	155	105	172	122	30
120002	155	106	172	123	30
120003	155	107	172	124	30
120004	155	108	172	125	30
120005	155	109	172	126	30
120006	155	110	172	127	30
120007	155	111	172	128	30
120008	155	112	172	129	30
120009	155	113	172	130	30
120010	155	114	172	131	30
120011	155	115	172	132	30
120012	155	116	172	133	30
120013	155	117	172	134	30
120014	155	118	172	135	30
120015	155	119	172	136	30
120016	155	120	172	137	30
120017	155	121	172	138	30



# ani_id	sprite1_id	time1	sprite2_id	time2	...
[ANIMATIONS]
#TO BIG MUSHROOM
120000	120000	30	120001	30	120002	30	120003	30	120004	30	120005	30	120006	30	120007	30	120008	30	120009	30	120010	30	120011	30	120012	30	120013	30	120014	30	120015	30	120016	30	120017	30
120001	120017	100