# list of object assets to load in this scene
[ASSETS]
mario.txt
coin.txt
platform.txt
block.txt
misc.txt
static.txt
goomba.txt
koopa.txt
#
[OBJECTS]
# type	x	y	extra_settings per object type
# type: 0 = Mario , 1 = Brick, 2 = Goomba, 3 = Koopas
# See OBJECT_TYPE constants in AssetIDs.h



# MARIO
#0	50	10
#0	2453	10
#0	936	10
#0	2686	-33
0	2307	-250

#Platform
5	0	196	15	47	43	50001	50002	50003
5	646	180	15	47	30	50001	50002	50003
5	1160	196	15	47	24	50001	50002	50003
5	1556	196	15	47	6	50001	50002	50003
5	1694	196	15	47	39	50001	50002	50003
5	2300	196	15	47	100	50001	50002	50003

#Square
6	273	96	6	10	1
6	241	128	6	6	0

#Question block
51	179	116	0
51	195	116	0

51	227	69	0
51	243	69	1

#Static object
#grass
99	75	140	56000

#triple grass
99	164	164	56001
99	179	164	56001
99	194	164	56001

#double cloud
99	139	42	56003

#pipe
7	367	132	4	1

#squares
6	520	64	8	14	3
6	473	96	8	10	0
6	409	128	10	6	2
6	520	144	12	4	2

#Question block
51	426	85	0

#THE HIGHER PLATFORM
#Question block
51	682	148	1
51	728	118	0

#hexa grass
99	698	148	56001
99	713	148	56001
99	728	148	56001
99	743	148	56001
99	758	148	56001
99	773	148	56001

#cloud
99	682	47	56002

#triple cloud
99	772	78	56004

#big grass
99	883	124	56006

#triple grass
99	980	132	56005

#2 small grass
99	1047	148	56001
99	1062	148	56001

#SKYPEDIA
#coin
4	1080	81
4	1112	49
4	1144	17
4	1176	-15
4	1208	-47

#square
6	1318	-97	8	4	0

#clouds
5	1418	-47	15	15	4	50004	50004	50004
5	1498	-63	15	15	13	50004	50004	50004

#coins
4	1337	-158
4	1355	-158
4	1373	-158

4	1486	-125
4	1504	-125

4	1552	-109
4	1570	-109
4	1588	-109
4	1606	-109

4	1638	-125
4	1656	-125
4	1674	-125
4	1692	-125

4	1724	-93

4	1756	-125

4	1788	-109

4	1836	-141

4	1868	-109

#gold brick
9	1453	-110	2

#END SKYPEDIA

#ENEMY
#gooomba
2	233	164
2	564	164

2	849	144
2	886	144
20	937	136

#koopa
30	573	128
#30	500	159
#30	920	144

#AFTER THE HOLE
#triple grass
99	1197	164	56001
99	1212	164	56001
99	1227	164	56001

#cloud
99	1197	40	56002

#squares
6	1336	80	14	12	1
6	1304	112	14	8	0
6	1272	144	14	4	2

#question block
51	1484	128	1

#koopa
3	1484	160
31	1436	61
31	1388	61
31	1340	61
#31	1436	160

#hard brick
8	1524	98
8	1540	98

8	1599	164
8	1615	164
8	1631	164

8	1615	148
8	1631	148
8	1631	132

8	1694	164
8	1710	164
8	1726	164

8	1694	148
8	1710	148
8	1694	132

#triple cloud
99	1710	42	56004

#triple grass
99	1760	164	56001
99	1775	164	56001
99	1790	164	56001

#pipe
7	1832	150	2	2
7	1900	135	4	3

#tri-grass
99	1950	149	56005

#gold bricks
9	2021	132	0
9	2037	132	0
9	2053	132	0
9	2069	132	1

9	2005	148	0
9	2021	148	0
9	2037	148	0
9	2053	148	0
9	2069	148	0

9	1989	164	0
9	2005	164	0
9	2021	164	0
9	2037	164	0
9	2053	164	0
9	2069	164	0
9	2085	164	0

9	2133	164	0
9	2149	164	0
9	2133	148	0

#30	2130	120

#squares
6	2213	32	6	18	2
6	2181	128	6	6	0

#pipe
7	2307	134	3	0
7	2307	-121	13	0	1

7	2373	150	2	0

#Hard Brick
8	2299	133
8	2315	133

8	2299	71
8	2315	71

#cloud
99	2382	59	56002

#grass
99	2453	110	56007

#endmap
99	2686	-33	56008

#portal
50	2307	-91	2322	-76	1